EffectColorA: 7
EffectColorB: 7
Effects: TinyDragonFly-0.01-267-123, RedSwarmer-0.01-267-9, Darkness-0-264-179, VoidSpawn-1-20-20, VoidMelt-0.3-253.4286-70.22857,
PlacedObjects: KarmaFlower><708.6185><399.9111><-423~-335~2~14, LimeMushroom><172.4179><396.3586><-143~59~1~12, LimeMushroom><213.2184><401.4475><0~0~1~12, DepthsFruit><831.8191><489.9538><100~54~1~12, DepthsFruit><657.4082><485.101><-230~-233.9965~1~12, DepthsFruit><751.8238><496.9053><-95~85~1~12, DepthsFruit><548.3569><472.1398><-162~-108~1~12, KarmaFlowerPatch><720.2805><401.734><45.53333~92.1778~0.5~-38.41876~-91.73334~0.2036007~0.5,
FadePalette: 8, 0.5
