Template: NONE
DangerType: Flood
RumbleIntensity: 0.8
CeilingDrips: 0.4
Clouds: 0
Grime: 0
Palette: 9
EffectColorA: 7
EffectColorB: 13
Effects: Darkness-0.15-20-20, Ant-1-20-40
PlacedObjects: Corruption><775.6954><503.3461><-38~68, Corruption><718.8403><608.6205><-28~67, SuperStructureFuses><429.5735><338.9783><115.2857~25.37144, CustomDecal><204.2216><718.302><-12~89~64~98~82~10~-367~-331~0.2934783~1~0~hallowedgrottosymbol~0.75~1~0.5~1~0.2065217~1~0.5~1,
FadePalette: 35, 0.15, 0.15